example:1000
accuracy:0.8058
f1s:0.7995457680068997
[[2022    4    8    0    0    0    4    0    0    0]
 [  66 1934   26    2    0    0    2    8    0    0]
 [ 110   20 1720  112    2   14   14    0    2    0]
 [  44   22   44 1786    0   64    0   18   20    6]
 [  94  140  104    0 1322  216   12   20   62    6]
 [  18   40    0   16    0 1862    2    0    8    0]
 [  82   50   14    0    2   14 1814    0    6    0]
 [  26   28  134    4    0   68    0 1670   74   36]
 [ 488  118  108    8    2   70    0    0 1180    6]
 [ 114   80   32   20    8  148    0   64  730  806]]
example:2000
accuracy:0.9292
f1s:0.9286996792913488
[[2008    6    2    2    6    2    6    0    6    0]
 [   2 1990   24    0    0    4    0   16    2    0]
 [   4   16 1786   66    2   16    8   12   84    0]
 [  16   14   10 1802    0   88    0   40   30    4]
 [   6   16   16    0 1900    4    8    6    4   16]
 [   2   16    0   16    0 1892    8    0   12    0]
 [   2   14    6    0    6   12 1942    0    0    0]
 [   0    4    6    2   14    0    0 1872    2  140]
 [  96   50   18    8   20   34    6    2 1728   18]
 [   4   18    0    4   76   18    0  152   66 1664]]
example:3000
accuracy:0.943
f1s:0.9427519472665379
[[2010    4    6    0    6    2    6    0    4    0]
 [   0 1996   24    2    0    4    0   10    0    2]
 [   2   10 1902   18    0   12    6   14   28    2]
 [   6   16   30 1860    0   28    0   26   32    6]
 [   4   10   12    0 1892    8   16   18    6   10]
 [   2   14    0   28    0 1882   10    0   10    0]
 [   2    6    6    0    4    2 1962    0    0    0]
 [   0    8    2    0   10    6    0 1816    0  198]
 [  96   30    6    4   20   30   10    4 1764   16]
 [   4   30    0    8   50   50    0   58   26 1776]]
example:4000
accuracy:0.9477
f1s:0.9474394089374768
[[2020    0    6    0    2    2    6    0    2    0]
 [   0 1990   28    2    0    6    0   12    0    0]
 [   0   12 1900   24    0   16    6    8   24    4]
 [   8   14   24 1870    0   32    0   22   28    6]
 [   4    4    4    0 1920    8   14    8    8    6]
 [   4   14    0   20    0 1890    8    0   10    0]
 [   2    4    6    0    6    4 1960    0    0    0]
 [   0    4    2    4   14    2    0 1846    0  168]
 [  78   28    2    6   16   18    8    4 1804   16]
 [   6   28    0    8   70   50    0   52   34 1754]]
example:5000
accuracy:0.9543
f1s:0.9541941304278689
[[2010    4    8    0    2    2    6    0    6    0]
 [   0 1992   28    0    0    2    0   14    2    0]
 [   0   10 1912   18    0   18    6    8   18    4]
 [   6   18   22 1866    0   34    0   20   32    6]
 [   2    4    4    0 1924    4   12   10    8    8]
 [   4   14    0   18    0 1892    8    0   10    0]
 [   2    6    4    0    6    6 1956    0    2    0]
 [   0    8    2    4   10    2    0 1862    0  152]
 [  46   30    2    6   14   16    6    4 1842   14]
 [   6   26    0    4   50   32    0   34   20 1830]]
example:6000
accuracy:0.9533
f1s:0.9531517565402834
[[2012    4    8    0    2    2    8    0    2    0]
 [   0 1990   28    2    0    4    0   12    2    0]
 [   0   10 1926   14    0   10    4    8   18    4]
 [   6   16   34 1848    0   44    2   22   28    4]
 [   2    4    2    0 1928    4    8    8   10   10]
 [   4   14    0    8    0 1888   20    0   12    0]
 [   2    8    6    0    6    4 1956    0    0    0]
 [   0    6    2   26    8    2    0 1832    0  164]
 [  50   20    0    6   12   22    8    4 1844   14]
 [   6   22    0    2   46   36    0   34   14 1842]]
example:7000
accuracy:0.9555
f1s:0.955402014016479
[[2012    4    6    0    4    4    8    0    0    0]
 [   0 1988   28    2    0    4    0   14    2    0]
 [   0   10 1920   18    0    8    4   12   18    4]
 [   6   16   26 1864    0   38    2   20   26    6]
 [   2    4    2    0 1938    4    4    4    6   12]
 [   2   16    0   10    0 1884   20    0   14    0]
 [   4   10    0    0    6    4 1958    0    0    0]
 [   0    6    4   12   12    0    0 1844    0  162]
 [  40   20    0    6   16   24    8    6 1846   14]
 [   2   14    0    4   32   30    0   42   22 1856]]
example:8000
accuracy:0.9573
f1s:0.9571841066924444
[[2008    4    6    0    4    4   12    0    0    0]
 [   0 1986   28    4    0    4    0   14    2    0]
 [   0    4 1944   12    2    8    0    8   12    4]
 [   8   18   24 1864    0   38    2   24   24    2]
 [   2    4    2    0 1936    4    2    6    4   16]
 [   0   18    0   10    0 1890   16    0   12    0]
 [   4    4    0    0    8    2 1964    0    0    0]
 [   0    8    4   14   14    2    0 1850    0  148]
 [  40   22    0    6   16   20    6    8 1850   12]
 [   2   14    0    8   32   28    0   42   22 1854]]
example:9000
accuracy:0.9579
f1s:0.9577926402046362
[[1994    4    4    0    8    4   24    0    0    0]
 [   0 1988   28    0    0    4    0   16    2    0]
 [   0    4 1942   12    2    8    0   10   12    4]
 [   8   16   26 1864    0   40    2   22   24    2]
 [   2    6    4    0 1936    6    2    6    2   12]
 [   0   18    0   10    0 1890   16    0   12    0]
 [   4    4    0    0    8    2 1964    0    0    0]
 [   0    6    4   14   14    2    0 1868    0  132]
 [  40   22    0    6   16   20    6    6 1854   10]
 [   2   14    0    8   34   26    0   42   18 1858]]
example:10000
accuracy:0.9588
f1s:0.9586939857004452
[[2012    2    2    0    6    4   12    0    0    0]
 [   0 1988   28    0    0    4    0   16    2    0]
 [   0    4 1936   16    2    8    0   12   12    4]
 [   8   18   18 1870    0   38    2   24   24    2]
 [   2    6    4    0 1936    6    2    6    2   12]
 [   0   20    0   12    0 1890   12    0   12    0]
 [   4    4    0    0    6    2 1966    0    0    0]
 [   0    8    4   12   14    2    0 1864    0  136]
 [  50   22    0    6   16   22    6    4 1846    8]
 [   8   12    0    6   24   28    0   40   16 1868]]
example:11000
accuracy:0.9601
f1s:0.9600120850803292
[[1998    2    2    0    6    4   14    0   10    2]
 [   0 1984   28    0    0    8    0   16    2    0]
 [   0    8 1938    6    2    8    2   12   14    4]
 [   2   16   10 1910    0   14    2   22   24    4]
 [   2    6    2    0 1936    6    6    6    2   10]
 [   0   14    0   26    0 1888    4    0   14    0]
 [   4    0    0    0    6    2 1970    0    0    0]
 [   0   12    4   10   14    0    0 1874    0  126]
 [  38   18    0    6   22   24   12    4 1848    8]
 [   6   12    0    4   46   26    0   34   18 1856]]
example:12000
accuracy:0.9621
f1s:0.9620204163363827
[[1998    2    2    0    6    4   14    0   10    2]
 [   0 1986   26    0    0    8    0   16    2    0]
 [   0   10 1938    6    2    8    2   10   14    4]
 [   2   16   10 1912    0   14    2   22   24    2]
 [   2    4    2    0 1938    6    6    6    2   10]
 [   0   14    0   24    0 1890    4    0   14    0]
 [   4    0    0    0    6    2 1970    0    0    0]
 [   0   10    6   10   12    0    0 1902    0  100]
 [  34   20    0    6   20   24   10    4 1854    8]
 [   4   18    0    4   48   26    0   32   16 1854]]
example:13000
accuracy:0.9626
f1s:0.9625239776143834
[[1996    4    4    0    4    4   14    0    8    4]
 [   0 1988   26    0    0    8    0   14    2    0]
 [   0    8 1934    8    2    8    2   10   18    4]
 [   2   14   10 1914    0   12    2   20   24    6]
 [   2    4    2    0 1938    6    6    6    2   10]
 [   0   14    0   26    0 1888    4    0   14    0]
 [   4    0    0    0    6    2 1970    0    0    0]
 [   0    8    6    8   12    0    0 1918    0   88]
 [  34   24    0    6   18   24   10    4 1854    6]
 [   4   18    0    4   48   26    0   34   16 1852]]
example:14000
accuracy:0.9643
f1s:0.9642550914763518
[[2000    4    4    0    4    4   10    0    8    4]
 [   0 1988   26    0    0    8    0   14    2    0]
 [   0    8 1932   12    2    6    2   10   18    4]
 [   0   12   10 1914    0   16    2   22   24    4]
 [   2    4    2    0 1938    6    6    4    2   12]
 [   0   14    0   26    0 1886    6    0   14    0]
 [   4    0    0    0    6    2 1970    0    0    0]
 [   0    6    6    4    8    0    0 1920    0   96]
 [  32   24    0    6   16   24   12    4 1854    8]
 [   4   18    0    4   22   26    0   28   16 1884]]
example:15000
accuracy:0.9659
f1s:0.965862048880223
[[2004    4    2    0    4    4    8    0    8    4]
 [   0 1990   24    0    0    8    0   14    2    0]
 [   0    8 1934   12    2    6    2   10   16    4]
 [   0   10    8 1922    0   16    2   22   20    4]
 [   2    4    2    0 1940    6    6    4    2   10]
 [   0   14    0   22    0 1890    6    0   14    0]
 [   4    0    0    0    6    2 1970    0    0    0]
 [   0    6    6    4    8    0    0 1920    0   96]
 [  30   24    0    6   16   26   10    2 1858    8]
 [   4   20    0    4   18   24    0   28   14 1890]]
example:16000
accuracy:0.9667
f1s:0.9666655344508029
[[2006    4    2    0    4    4    6    0    8    4]
 [   0 1990   24    0    2    8    0   14    0    0]
 [   0    8 1934   14    2    6    0   10   16    4]
 [   0   10    8 1920    0   14    2   22   24    4]
 [   2    4    2    0 1938    6    6    4    2   12]
 [   0   12    0   20    0 1896    6    0   12    0]
 [   4    0    0    0    6    2 1970    0    0    0]
 [   0    6    4    4   10    0    0 1928    0   88]
 [  30   24    0    6   14   28   10    2 1858    8]
 [   2   16    0    4   18   26    0   26   16 1894]]
example:17000
accuracy:0.9668
f1s:0.9667595764208398
[[2008    4    2    0    4    4    6    0    6    4]
 [   0 1992   22    0    2    8    0   12    0    2]
 [   0    6 1930   16    2    6    0   10   16    8]
 [   0   10    8 1922    0   14    2   22   22    4]
 [   2    4    2    0 1938    6    6    4    2   12]
 [   0   12    0   18    0 1898    6    0   12    0]
 [   4    0    0    0    6    2 1970    0    0    0]
 [   0   14    4    4    8    0    0 1926    0   84]
 [  34   24    0    4   14   28   14    2 1852    8]
 [   2   14    0    4   22   26    0   20   14 1900]]
example:18000
accuracy:0.9677
f1s:0.9676599451209671
[[2018    2    2    0    2    4    4    0    2    4]
 [   0 1992   22    0    2    8    0   12    0    2]
 [   0    4 1938   12    2    6    0    8   16    8]
 [   0   12   10 1920    0   10    2   22   26    2]
 [   2    4    4    0 1938    6    4    4    2   12]
 [   0   12    0   18    0 1898    6    0   12    0]
 [   4    0    2    0    8    2 1966    0    0    0]
 [   0   14    6    2    6    0    0 1926    0   86]
 [  38   24    0    4   12   24   10    2 1858    8]
 [   2   14    0    4   22   26    0   20   14 1900]]
example:19000
accuracy:0.9675
f1s:0.9674526299782439
[[2018    2    2    0    2    4    4    0    2    4]
 [   0 1994   22    0    0   10    0   12    0    0]
 [   0    4 1942   12    2    4    0    6   16    8]
 [   0   12   12 1924    0   10    2   22   20    2]
 [   2    4    4    0 1938    6    4    2    2   14]
 [   0   12    0   18    0 1898   10    0    8    0]
 [   4    0    2    0    8    2 1966    0    0    0]
 [   0   16    6    6    6    0    0 1910    0   96]
 [  36   20    2    4   16   24   10    2 1856   10]
 [   2   14    0    4   20   24    0   20   14 1904]]
example:20000
accuracy:0.966
f1s:0.9659451104096888
[[2014    2    2    0    2    4    4    0    6    4]
 [   0 1992   22    2    0   10    0   12    0    0]
 [   0    6 1948    8    0    4    0    8   12    8]
 [   0   12   12 1922    0   10    2   26   18    2]
 [   2    2    6    0 1938    6    4    4    4   10]
 [   0   12    0   20    0 1898   10    0    6    0]
 [   4    0    2    0    8    2 1966    0    0    0]
 [   0   14    6    8   12    0    0 1884    0  116]
 [  34   20    2    4   14   28    6    2 1858   12]
 [   2   14    0    6   24   18    0   22   16 1900]]
