example:1000
accuracy:0.7908
f1s:0.7928882416524482
[[1826   22   18    2    6   14   12    8  124    6]
 [   8 1294  590   10    4   22    2   52   44   12]
 [   8    2 1886   12    4   18    8   26   20   10]
 [   0    0   68 1762    2   84    4   22   52   10]
 [   4   72  106    0 1610   16    6    8  138   16]
 [   4    4   10   18    2 1858    2    8   38    2]
 [  10    2   44    4    4   24 1748   14  128    4]
 [   0   26  648   14    8   14    4 1230   74   22]
 [  34   24   78   14    6   42    6   10 1758    8]
 [   6   42   52   22   12   48    2   38  936  844]]
example:2000
accuracy:0.9055
f1s:0.9062580044706349
[[1852   36   12    2   12   10   12    8   90    4]
 [   2 1874   20    2   14   22    0   72   28    4]
 [   0   34 1802    6   18   14    2   68   40   10]
 [   2   22   24 1748    4   90    4   68   38    4]
 [   2   62   20    0 1834   10    0   18   16   14]
 [   0   22    4   18   18 1838    0   28   18    0]
 [   0   28   22    4    8   22 1860    8   28    2]
 [   0   28   30    0   18    6    4 1870   16   68]
 [  18   64   12    8   30   36    8   40 1720   44]
 [   4   36   14    4   14   28    2   80  108 1712]]
example:3000
accuracy:0.9169
f1s:0.9173630424193754
[[1864   38   12    2   10   14    8    4   82    4]
 [   2 1844   18    6   16   26    0   66   54    6]
 [   0   24 1812   14   20   10    8   52   42   12]
 [   2   22   14 1804    4   54    4   56   38    6]
 [   0   38   10    0 1860   10    0   16   22   20]
 [   0   12    2   16   18 1866    4   12   14    2]
 [   0   18   20    2    8   18 1882    8   20    6]
 [   0   12   18    4   12   12    4 1872   12   94]
 [  20   34   12    8   36   48    8   16 1742   56]
 [   4   26   14    4   12   36    2   54   58 1792]]
example:4000
accuracy:0.9182
f1s:0.9185517548090767
[[1886   30   12    2   12   14   12    0   66    4]
 [   2 1786   24   16   26   24    0   70   84    6]
 [   0   22 1824   12   18   10    6   58   34   10]
 [   0   24   16 1796    4   50    4   66   36    8]
 [   2   20   12    0 1872   10    2   10   22   26]
 [   0   10    6   12   18 1876    2   12   10    0]
 [   0   14   24    2    8   18 1890    4   16    6]
 [   0    8   18    4   10   12    4 1908    6   70]
 [  30   24   10    6   42   42    6   16 1762   42]
 [   4   24   14    2   12   42    2   52   86 1764]]
example:5000
accuracy:0.9275
f1s:0.9277459147724391
[[1878   36   10    2    6   14   14    0   74    4]
 [   4 1854   24    8   14   22    0   66   42    4]
 [   6   24 1828    6    8   10    8   52   42   10]
 [   2   26   18 1814    2   50    4   46   32   10]
 [   4   24   12    0 1870   10    2   14    8   32]
 [  12   12    8    6    6 1874    4    6   14    4]
 [   0   18   18    2    8   14 1898    0   18    6]
 [   4   10   16    2    8   12    4 1918    2   64]
 [  30   32   10    4   30   40   12    6 1790   26]
 [   4   22   12    2   12   40    2   52   30 1826]]
example:6000
accuracy:0.9295
f1s:0.9296658257404351
[[1876   38   10    2    6   14   20    2   66    4]
 [   6 1860   26   10   14   22    2   58   34    6]
 [  10   16 1852    6    8   10    8   44   30   10]
 [   2   26   18 1818    2   48    6   46   28   10]
 [   2   18   10    0 1878   10    2    6   14   36]
 [  14   12    4    8    4 1866    6   10   20    2]
 [   2   14   16    2    6   14 1908    4   12    4]
 [   4   10   18    2    8   12    4 1910    2   70]
 [  36   26   10    6   24   42   12    4 1794   26]
 [   4   24   12    2   16   32    2   48   34 1828]]
example:7000
accuracy:0.9305
f1s:0.9307570113434025
[[1884   28   10    2   10   14   14    6   64    6]
 [   2 1872   24   10   18   22    0   42   42    6]
 [   0   16 1862   10   18   10    4   40   26    8]
 [   0   28   18 1826    4   44    2   46   26   10]
 [   2   20   10    0 1870   10    2    4   14   44]
 [   0   12    4   10   18 1860    4   12   22    4]
 [   0   16   14    2   10   14 1900    4   20    2]
 [   0   16   16    2   10   12    4 1900    2   78]
 [  24   24   10    6   36   42   10    6 1796   26]
 [   2   22   10    2   12   28    2   44   40 1840]]
example:8000
accuracy:0.9325
f1s:0.9326820104370845
[[1884   26   10    2   12   14   16    6   62    6]
 [   2 1900   24   10   18   22    0   38   18    6]
 [   0   16 1858    8   18   10    6   42   32    4]
 [   0   26   14 1832    4   46    4   42   28    8]
 [   2   20   10    0 1868   10    0    8   16   42]
 [   0   10    4   10   18 1868    6   10   16    4]
 [   0   12   14    2   12   14 1912    4   10    2]
 [   0   14   16    2   12   12    4 1912    2   66]
 [  26   26   12    8   38   42   12    6 1786   24]
 [   2   24    6    4   12   30    2   46   46 1830]]
example:9000
accuracy:0.9319
f1s:0.9320550454040971
[[1878   26   10    2   16   14   14    6   66    6]
 [   2 1904   24    8   20   22    0   32   18    8]
 [   0   14 1862    8   18   10    6   42   26    8]
 [   0   24   22 1824    4   46    8   44   24    8]
 [   2   18   12    0 1884   10    0    8   14   28]
 [   0   10    4   12   18 1862    6   14   16    4]
 [   0   12   14    2   18   16 1912    4    4    0]
 [   0   14   16    2   12   12    4 1908    4   68]
 [  26   28   12    8   42   40   10   10 1780   24]
 [   2   22    8    4   14   32    2   44   50 1824]]
example:10000
accuracy:0.9316
f1s:0.9317578567480923
[[1890   30   12    2   12   14   16    6   52    4]
 [   2 1900   24    6   18   24    2   30   22   10]
 [   0   16 1856   12   18   10    6   44   24    8]
 [   2   22   20 1828    4   48    8   44   20    8]
 [   2   16   12    0 1884   10    0    8   16   28]
 [   0   10    4    6   18 1868    4   16   16    4]
 [   0   12   14    2   16   16 1908    6    6    2]
 [   0   14   16    4   12   12    4 1898    4   76]
 [  28   28   12    6   44   42   10   10 1776   24]
 [   2   24    8    2   12   30    2   42   56 1824]]
example:11000
accuracy:0.933
f1s:0.9331295128909025
[[1886   30   10    2   14   14   16    4   56    6]
 [   2 1906   24    8   16   22    2   30   22    6]
 [   0   16 1858    6   20   10    8   40   30    6]
 [   0   22   22 1828    4   48    6   44   22    8]
 [   2   16   12    0 1890   10    0    6   12   28]
 [   0   10    4    8   18 1866    8   10   18    4]
 [   0   12   14    2   16   14 1914    4    4    2]
 [   0   16   16    4   12   12    4 1900    6   70]
 [  28   30   12    6   42   42   12    6 1776   26]
 [   2   22    6    6   12   28    2   44   44 1836]]
example:12000
accuracy:0.9338
f1s:0.9339327130883417
[[1880   34    6    2   14   14   16    4   62    6]
 [   2 1928   24    6   18   22    0   24   10    4]
 [   0   14 1864    8   20   10    8   42   24    4]
 [   0   22   20 1832    4   46    6   42   26    6]
 [   2   16    8    0 1890   10    0   10   12   28]
 [   0   10    4    8   18 1868    8   10   18    2]
 [   0   12   14    2   16   14 1912    4    6    2]
 [   0   20   14    2   12   12    4 1902    6   68]
 [  30   26   12    6   44   42   10    8 1776   26]
 [   2   24    6    4   12   32    2   42   54 1824]]
example:13000
accuracy:0.9336
f1s:0.9337472513513257
[[1878   34    8    2   14   16   16    2   64    4]
 [   2 1926   24    6   20   22    0   24   10    4]
 [   0   14 1862    8   20   10    8   40   28    4]
 [   0   22   22 1828    4   48    4   42   28    6]
 [   2   18    8    0 1892   10    0    8   12   26]
 [   0   10    4   12   18 1864    8   10   20    0]
 [   0   12   12    2   20   14 1912    4    6    0]
 [   0   20   14    4   14   12    4 1904    2   66]
 [  30   26   12    6   42   42   10    8 1784   20]
 [   2   24    4    4   12   34    2   38   60 1822]]
example:14000
accuracy:0.9343
f1s:0.9344480333641725
[[1880   30    8    2   12   16   18    2   66    4]
 [   2 1926   24    6   20   22    0   24   10    4]
 [   0   14 1860   10   20   10    8   42   26    4]
 [   0   20   20 1838    4   46    4   38   28    6]
 [   2   18    8    0 1890   10    0    6   12   30]
 [   0   10    4   12   18 1862   10   10   20    0]
 [   0   12   12    2   20   14 1912    4    6    0]
 [   0   18   16    4   12   12    4 1906    2   66]
 [  26   26   12    6   42   42   10    8 1786   22]
 [   2   22    4    4   12   34    2   38   58 1826]]
example:15000
accuracy:0.9334
f1s:0.9335474103136515
[[1888   30    8    2   12   16   18    2   58    4]
 [   2 1924   24    8   20   22    0   24   10    4]
 [   0   14 1856   10   20   10    8   48   24    4]
 [   0   18   22 1832    4   46    4   44   28    6]
 [   2   16    8    0 1888   10    0    8   12   32]
 [   0   10    4   12   18 1864    6   12   20    0]
 [   0   12   12    2   16   14 1912    4    8    2]
 [   0   18   16    4   12   12    4 1900    6   68]
 [  28   28   12    6   42   42   10    8 1782   22]
 [   2   22    4    4   12   32    2   40   62 1822]]
example:16000
accuracy:0.9335
f1s:0.9336830236670994
[[1884   30    8    2   12   16   14    4   64    4]
 [   2 1922   24    4   20   22    0   24   16    4]
 [   0   14 1850   10   18   10    8   48   32    4]
 [   0   18   20 1838    4   42    4   44   28    6]
 [   2   18    8    0 1890   10    0    6   12   30]
 [   0   10    4   12   18 1860    8   12   22    0]
 [   0   12   12    2   16   14 1910    4   10    2]
 [   0   14   16    4   14   12    4 1910    2   64]
 [  26   26   12    8   42   42   10    8 1784   22]
 [   2   20    4    4   12   32    2   40   64 1822]]
example:17000
accuracy:0.933
f1s:0.9331803474820257
[[1884   30    8    2   12   16   16    4   62    4]
 [   2 1918   24    4   18   22    2   22   20    6]
 [   0   14 1850   10   18   10    8   48   32    4]
 [   0   20   20 1836    4   44    4   42   28    6]
 [   2   18    8    0 1886   10    0    6   12   34]
 [   0   10    4   12   18 1860   10   10   22    0]
 [   0   12   14    2   16   14 1910    4   10    0]
 [   0   16   16    4   14   12    4 1906    4   64]
 [  26   30   12    6   40   46   10    6 1782   22]
 [   2   20    4    4   12   34    2   42   54 1828]]
example:18000
accuracy:0.9339
f1s:0.9340747023340596
[[1888   30    8    2   12   16   16    2   60    4]
 [   2 1920   24    4   16   22    0   28   18    4]
 [   0   14 1850    8   18   10    8   48   34    4]
 [   0   20   18 1846    4   36    4   40   30    6]
 [   2   16   10    0 1886   10    0    6   12   34]
 [   0   12    4   14   18 1854   10   10   24    0]
 [   0   12   14    2   16   14 1910    4   10    0]
 [   0   14   16    4   14   12    4 1920    2   54]
 [  28   32   12   10   40   40   10    6 1782   20]
 [   2   20    4    6   12   32    2   40   62 1822]]
example:19000
accuracy:0.9343
f1s:0.9344719652940167
[[1890   28    8    2   12   16   16    2   60    4]
 [   2 1922   24    4   16   22    0   28   16    4]
 [   0   14 1852    8   18   10    8   46   34    4]
 [   0   20   16 1844    4   36    4   44   30    6]
 [   2   18    8    0 1884   10    0    6   12   36]
 [   0   10    6   14   18 1856   10   10   22    0]
 [   0   12   14    2   18   14 1908    4   10    0]
 [   0   14   16    2   14   12    4 1922    0   56]
 [  26   30   14    8   40   44   10    4 1782   22]
 [   2   20    4    6   12   32    2   40   58 1826]]
example:20000
accuracy:0.9341
f1s:0.9342728258018402
[[1886   26    8    2   14   16   18    2   62    4]
 [   2 1916   24    6   16   22    0   30   18    4]
 [   0   14 1852    8   18   10    6   46   36    4]
 [   0   16   16 1848    4   38    4   44   28    6]
 [   2   16   10    0 1890   10    0    6   12   30]
 [   0   10    4   16   18 1858   10   10   20    0]
 [   0   12   14    2   14   14 1910    4   10    2]
 [   0   12   14    2   14   12    4 1918    0   64]
 [  26   28   16    6   40   46   10    4 1782   22]
 [   2   20    4    6   12   30    2   42   62 1822]]
