example:1000
accuracy:0.7396
f1s:0.7371696433604968
[[1978   10    4    0    4   10   20    0    0   12]
 [  52 1264  514    2    4  152    0   16   28    6]
 [   2   12 1894    6   16   36   24    2    0    2]
 [  12   24  120 1444    2  344    6   34    4   14]
 [   8   26    6    0 1588  252   28    8   56    4]
 [   0   30   10   14    4 1886    0    0    2    0]
 [  12   30   24    0    8  200 1682    0   26    0]
 [   0   10  386    0    6  254    0 1306   70    8]
 [ 400   32   46    2   30  384   26    6 1038   16]
 [  32   10   18   38   30  316    0  116  730  712]]
example:2000
accuracy:0.862
f1s:0.859057373979273
[[1918   46    4    0   14   10   26    0    8   12]
 [   0 1928   38    4    4   36    0   16    8    4]
 [   0   48 1812   28   10   58   16    4   16    2]
 [   6   60   26 1564    2  252    4   66    8   16]
 [   2   26    4    0 1816   38   20    4   56   10]
 [   0   36    4   14    6 1878    2    2    4    0]
 [   0   26    6    0   10   58 1866    0   16    0]
 [   0   14    6    0    6   30    0 1898   36   50]
 [ 124   94    4    2   50  136   14    6 1530   20]
 [   8   20    2   18   38  126    0  192  568 1030]]
example:3000
accuracy:0.8937
f1s:0.8922972775230306
[[1922   26    8    0   10   12   34    0   14   12]
 [   0 1910   52    6    4   22    0   16   24    4]
 [   0   26 1890   16    8   20   10    6   16    2]
 [   6   48   36 1648    2  180    2   60   10   12]
 [   2   22    6    0 1842   30   22    6   44    2]
 [   0   36    4   12    4 1880    2    4    4    0]
 [   0   22   16    0   10   24 1894    0   16    0]
 [   0   12    4    0    8   12    0 1922    6   76]
 [ 104   62    8    2   46   76   22    2 1636   22]
 [   4   18    2   16   34  110    0  174  314 1330]]
example:4000
accuracy:0.9004
f1s:0.8992940910337612
[[1932   20    8    0   14   10   28    0   14   12]
 [   0 1850   86    6    4   18    0   24   46    4]
 [   0   16 1898   16   10   18    8    6   20    2]
 [   6   44   46 1674    4  156    4   48   10   12]
 [   4   14    4    0 1856   16   24    6   40   12]
 [   0   36    6   14    4 1874    2    4    6    0]
 [   0   16   14    0   12   20 1900    0   20    0]
 [   0   12    4    0    8    4    0 1934   10   68]
 [  88   50   10    2   44   46   22    2 1692   24]
 [   4   16    2   10   38   86    0  184  264 1398]]
example:5000
accuracy:0.9126
f1s:0.9119207740354642
[[1926   22    8    0   12   10   22    0   26   12]
 [   0 1916   54    6    4   10    0   20   24    4]
 [   0   18 1910   12    6   14    8    6   18    2]
 [   4   50   42 1696    4  128    4   50   12   14]
 [   4   16    4    0 1878    6   22    4   32   10]
 [   0   40    4   14    4 1864    4    6   10    0]
 [   0   18   14    0   10   14 1906    0   20    0]
 [   0   12    4    0    8    2    0 1932    8   74]
 [  68   56    8    2   50   40   16    2 1714   24]
 [   4   18    2    4   40   70    0  152  202 1510]]
example:6000
accuracy:0.9198
f1s:0.9193455713436146
[[1932   22   10    0   10    8   22    0   22   12]
 [   0 1926   54    6    4   10    0   20   14    4]
 [   0   18 1916   12    6   14    4    6   16    2]
 [   2   48   44 1734    2   98   10   44   10   12]
 [   4   16    4    0 1878    6   22    4   34    8]
 [   0   42    4   14    2 1860    6    6   12    0]
 [   0   20   16    0   10    8 1914    0   14    0]
 [   0   12    4    0    8    2    0 1924    8   82]
 [  72   62    6    2   50   24   22    2 1714   26]
 [   4   18    2    2   34   56    0  138  150 1598]]
example:7000
accuracy:0.9253
f1s:0.9250441322369419
[[1928   20   10    0   10    8   22    0   28   12]
 [   0 1928   44    6    2   12    0   20   22    4]
 [   0   18 1918   12    6   10    2    6   20    2]
 [   2   48   44 1754    2   78   10   44   10   12]
 [   4   14    6    0 1880    4   22    2   30   14]
 [   0   42    4   14    2 1860    6    6   12    0]
 [   0   20   14    0   10    4 1918    0   16    0]
 [   0   12    4    0    6    2    0 1926    6   84]
 [  66   56    6    2   48   24   20    2 1728   28]
 [   2   18    2    4   28   48    0  124  110 1666]]
example:8000
accuracy:0.9277
f1s:0.9274570769086813
[[1936   20    8    0   12    8   24    0   18   12]
 [   0 1928   44    6    4   12    0   20   20    4]
 [   0   18 1918   12    4   10    4    6   20    2]
 [   2   46   44 1762    2   70   10   44   10   14]
 [   4   18    4    0 1884    4   18    4   30   10]
 [   0   44    4   14    2 1858    6    6   12    0]
 [   0   20   14    0   10    4 1920    0   14    0]
 [   0   12    4    0    6    2    0 1936    6   74]
 [  66   56    6    2   52   26   16    2 1726   28]
 [   2   18    2    4   28   46    0  118   98 1686]]
example:9000
accuracy:0.9294
f1s:0.9291614801727303
[[1942   18    8    0   14    8   22    0   14   12]
 [   0 1928   42    4    4   14    0   24   18    4]
 [   0   18 1916   12    8   12    4    8   14    2]
 [   2   46   38 1768    2   72   10   42   12   12]
 [   0   16    2    0 1894    4   16    6   30    8]
 [   0   44    4   16    2 1854    8    6   12    0]
 [   0   18   14    0   14    4 1920    0   12    0]
 [   0   12    4    0    8    2    0 1940    6   68]
 [  66   54    4    2   56   28   16    4 1724   26]
 [   4   18    2    4   32   46    0  122   72 1702]]
example:10000
accuracy:0.9322
f1s:0.9320136674577101
[[1950   18    6    0   14    8   22    0    8   12]
 [   0 1928   44    4    6   14    0   22   16    4]
 [   0   18 1916   12    8   12    4    8   14    2]
 [   4   44   36 1774    2   68   10   44   10   12]
 [   4   16    2    0 1890    4   18    4   28   10]
 [   0   40    4   14    4 1858    8    6   12    0]
 [   0   18   14    0   14    4 1920    0   12    0]
 [   0   10    4    0    8    2    0 1934    6   76]
 [  66   56    6    2   54   24   16    2 1728   26]
 [   4   18    2    4   30   42    0   98   58 1746]]
example:11000
accuracy:0.9337
f1s:0.9335446244423167
[[1946   18    4    0   16    6   22    0   14   12]
 [   0 1926   42    4    8   14    0   18   22    4]
 [   0   18 1908   16    8   10    4    8   20    2]
 [   2   44   32 1806    2   46   12   36   12   12]
 [   2   12    2    0 1902    4   16    4   24   10]
 [   0   40    4   20    4 1852   10    4   12    0]
 [   0   18   14    0   14    2 1924    0   10    0]
 [   0   12    4    0    8    2    0 1928    6   80]
 [  66   52    2    2   68   20   14    0 1728   28]
 [   4   18    2    6   30   42    0   92   54 1754]]
example:12000
accuracy:0.9364
f1s:0.9362448328446938
[[1948   22    4    0   14    6   22    0   10   12]
 [   0 1948   30    6   10   14    0   18    8    4]
 [   0   20 1908   16    8    8    4    8   20    2]
 [   2   44   30 1814    4   42    8   36   12   12]
 [   0   12    2    0 1904    4   16    4   24   10]
 [   0   42    4   20    4 1854    6    4   12    0]
 [   0   16   14    0   14    2 1924    0   12    0]
 [   0   12    4    0    8    2    0 1940    6   68]
 [  66   52    4    2   66   20   12    2 1730   26]
 [   4   18    2    8   28   40    0   90   54 1758]]
example:13000
accuracy:0.9359
f1s:0.9357721703944231
[[1944   22    6    0   16    6   22    0   10   12]
 [   0 1940   32    4    8   14    0   18   18    4]
 [   0   20 1906   16    8    8    4    6   24    2]
 [   2   44   30 1820    2   38    8   32   16   12]
 [   0   12    4    0 1906    4   16    4   22    8]
 [   0   42    4   20    4 1854    6    4   12    0]
 [   0   18   14    0   16    2 1918    0   14    0]
 [   0   12    4    0    8    2    0 1944    6   64]
 [  66   50    4    2   64   20   10    2 1736   26]
 [   2   18    2    8   30   38    0   92   62 1750]]
example:14000
accuracy:0.937
f1s:0.9368959525681221
[[1942   20    4    0   22    6   22    0   10   12]
 [   0 1940   32    4   10   14    0   16   18    4]
 [   0   20 1908   16   10    8    4    6   22    0]
 [   2   44   30 1822    4   38    8   32   14   10]
 [   0   10    2    0 1910    4   14    4   22   10]
 [   0   42    4   20    4 1854    6    4   12    0]
 [   0   16   14    0   18    2 1920    0   12    0]
 [   0   12    4    0    8    2    0 1942    6   66]
 [  60   48    4    2   70   20    8    2 1742   24]
 [   2   18    2    6   30   38    0   90   56 1760]]
example:15000
accuracy:0.9378
f1s:0.9376971249411423
[[1946   16    4    0   22    6   22    0   10   12]
 [   0 1942   30    6   10   14    0   18   14    4]
 [   0   20 1910   16    8    8    4    8   18    2]
 [   2   44   30 1824    4   32    8   36   12   12]
 [   0   10    4    0 1904    4   16    6   20   12]
 [   0   42    2   20    4 1858    4    4   12    0]
 [   0   18   14    0   16    2 1920    0   12    0]
 [   0   12    4    0    8    2    0 1944    6   64]
 [  58   48    2    2   70   22    8    2 1744   24]
 [   2   18    2    6   26   36    0   94   54 1764]]
example:16000
accuracy:0.937
f1s:0.936919039243738
[[1940   14    4    0   24    6   20    0   20   10]
 [   0 1938   30    4   10   14    0   20   22    0]
 [   0   22 1906   16   10    8    4    6   22    0]
 [   2   44   30 1826    4   30    8   34   16   10]
 [   0    8    4    0 1910    4   14    6   20   10]
 [   0   42    2   22    4 1856    4    4   12    0]
 [   0   18   14    0   18    2 1916    0   14    0]
 [   0   12    4    0    8    2    0 1948    6   60]
 [  58   48    2    2   76   22    6    2 1742   22]
 [   2   18    2    6   28   36    0   98   54 1758]]
example:17000
accuracy:0.9389
f1s:0.9388508679360464
[[1948   14    4    0   22    6   18    0   16   10]
 [   0 1938   28    4   10   14    0   18   22    4]
 [   0   26 1902   16   10    8    4    6   22    0]
 [   2   46   24 1826    4   32    8   38   14   10]
 [   0   12    4    0 1908    4   14    6   20    8]
 [   0   42    2   20    4 1856    6    4   12    0]
 [   0   20   14    0   16    2 1924    0    6    0]
 [   0   12    4    0    8    2    0 1942    4   68]
 [  58   48    2    4   76   22    6    2 1742   20]
 [   2   18    2    6   26   34    0   92   30 1792]]
example:18000
accuracy:0.9398
f1s:0.9397562433918202
[[1948   14    4    0   22    6   18    0   16   10]
 [   0 1942   26    4   10   14    0   20   22    0]
 [   0   24 1906   16    8    4    4    6   26    0]
 [   2   46   26 1830    4   30    8   30   18   10]
 [   0   12    4    0 1908    4   12    6   22    8]
 [   0   42    2   20    4 1858    4    4   12    0]
 [   0   20   14    0   14    2 1924    0    8    0]
 [   0   12    4    0    6    2    0 1944    4   68]
 [  58   48    2    4   76   20    6    2 1746   18]
 [   2   20    2    8   26   32    0   86   36 1790]]
example:19000
accuracy:0.9413
f1s:0.9412394588503619
[[1948   14    6    0   20    6   18    0   16   10]
 [   0 1944   26    4   10   14    0   20   20    0]
 [   0   26 1906   16    6    4    4    6   26    0]
 [   2   44   26 1834    4   30    8   30   18    8]
 [   0    8    4    0 1916    4   12    6   18    8]
 [   0   42    2   20    4 1858    4    4   12    0]
 [   0   22   14    0   12    2 1928    0    4    0]
 [   0   12    4    0    6    2    0 1942    4   70]
 [  60   48    2    4   70   22    8    2 1744   20]
 [   2   18    2    8   22   32    0   78   34 1806]]
example:20000
accuracy:0.9399
f1s:0.9398552675373026
[[1944   12    6    0   22    6   18    0   20   10]
 [   0 1934   32    6   10   14    0   20   22    0]
 [   0   26 1912   14    4    4    4    6   24    0]
 [   2   44   30 1834    2   28    8   30   18    8]
 [   0   10    4    0 1910    4   14    6   18   10]
 [   0   42    2   24    4 1852    6    4   12    0]
 [   0   24   14    0   12    2 1926    0    4    0]
 [   0   14    4    0    6    2    0 1930    4   80]
 [  60   44    4    4   70   22    8    2 1748   18]
 [   2   20    2    8   22   28    0   82   30 1808]]
