example:1000
accuracy:0.6558
f1s:0.6535435195598553
[[1456    0   86    6    2    4  106    2  376    0]
 [  42 1266  208  114    2  328    6   10   62    0]
 [  54    4 1580  112    8   40   52    8  134    2]
 [  10    2   66 1852    0   22    2    8   42    0]
 [  10    2   24   10  770   74   66   34  946   40]
 [   0    0    4   58    0 1808    2    0   74    0]
 [  16    0   12   18    0  248 1558    0  130    0]
 [   0    0  804  230    0   64    0  856   62   24]
 [  36    4  288   26    2  186   10    0 1424    4]
 [   2    6  488  202   14  122    0    4  618  546]]
example:2000
accuracy:0.8556
f1s:0.8579203694616383
[[1602    0   14    0   16    2  150    2  252    0]
 [   0 1798   36    2    8  102    8   48   36    0]
 [   6    8 1814   32   10   26    2   16   60   20]
 [  18    4   82 1800    0   28    4   20   22   26]
 [   0    4   26    0 1632   32   30   14  186   52]
 [   0    0    6   32    6 1848    6    4   32   12]
 [   8    2   20    0   32   62 1798    0   54    6]
 [   6    6  134   34    6   18    0 1590   68  178]
 [  48    4   34    4   28  114   10    6 1716   16]
 [   0   16   86   28   22   22    0   22  292 1514]]
example:3000
accuracy:0.8691
f1s:0.8712125134756883
[[1626    0   20    2   20    0  122    2  246    0]
 [   0 1780   28    2    2  102   10   82   32    0]
 [   4    4 1830   38    8   28    2   14   50   16]
 [  16    2   70 1806    0   30    2   24   24   30]
 [   0    4   18    0 1610   46   32   14  194   58]
 [   2    0    2   12    0 1872   10    6   30   12]
 [   4    2   24    0   24   58 1814    0   48    8]
 [   2    4   68   22    6    8    0 1774   34  122]
 [  78   20   32    4   30  106   16    8 1668   18]
 [   0   38   24   10   22   14    0   26  266 1602]]
example:4000
accuracy:0.8796
f1s:0.8815188927794938
[[1614    0   12    0   10    0   98    0  290   14]
 [   0 1804   30    2   20   80    6   50   46    0]
 [  12    4 1832   42   10   20    0   10   36   28]
 [  10    0   54 1824    0   40    0   32   22   22]
 [   2    4    0    0 1772   10   32   10  100   46]
 [  18    0    2   24    0 1854    8    4   24   12]
 [  22    2   18    0   10   46 1820    0   50   14]
 [   2    4   44   12    6    6    0 1878   28   60]
 [  46    8   32    4  110   62   14    6 1658   40]
 [   0   18   18   12   34   10    0   48  326 1536]]
example:5000
accuracy:0.8971
f1s:0.8984696600530618
[[1666    0   14    0    6    0   98    0  238   16]
 [   0 1864   32    2   16   38    4   34   42    6]
 [   8    6 1838   40    4    8    0   10   48   32]
 [  10    0   62 1824    0   24    2   34   16   32]
 [   2    4    2    0 1792    6   26   12   88   44]
 [  18    6    0   38    0 1832    6    2   28   16]
 [   6    2   18    0    4   40 1828    0   68   16]
 [   2    8   34   18    6    2    0 1900   28   42]
 [  64   16   22    0   36   62   18    6 1708   48]
 [   0   24   10   12   30   12    0   48  176 1690]]
example:6000
accuracy:0.8941
f1s:0.8954993477781511
[[1678    0   14    0    6    0   98    0  226   16]
 [   0 1848   34    4   12   40    6   58   32    4]
 [   8    8 1820   46    6    6    0   14   50   36]
 [   8    0   62 1834    0   20    2   32   14   32]
 [   4    4    4    0 1752   10   30   10  112   50]
 [  16    4    0   48    0 1812   16    2   26   22]
 [   8    2   16    0    4   32 1854    0   46   20]
 [   2    6   32   14    6    2    0 1898   26   54]
 [  72   12   24    0   36   24   22    4 1740   46]
 [   0   22    8   10   32   12    0   58  214 1646]]
example:7000
accuracy:0.8958
f1s:0.8970592391436594
[[1686    0   12    0    6    0   90    0  222   22]
 [   0 1860   28    4   12   36    4   56   34    4]
 [   6    8 1806   62    6    8    2   14   36   46]
 [   6    0   58 1844    0   18    4   24   14   36]
 [   2    4    4    0 1730   12   30    6  112   76]
 [  12    4    2   58    0 1808   16    2   24   20]
 [   8    4   16    0    8   40 1848    0   44   14]
 [   2    8   30   18    6    6    0 1896   22   52]
 [  78   10   26    2   26   34   22    4 1722   56]
 [   0   22    6   12   22   10    0   42  172 1716]]
example:8000
accuracy:0.8948
f1s:0.89613970261008
[[1716    0   12    0    6    0   90    0  194   20]
 [   0 1868   30    4   16   36    8   38   34    4]
 [   2    4 1814   64    8    8    2   14   36   42]
 [   8    0   52 1852    0   10    4   26   14   38]
 [   2    4    2    0 1736    8   30   10  130   54]
 [  12    4    2   42    0 1812   12    4   18   40]
 [   8    2   16    0   10   38 1850    0   42   16]
 [   0   10   30   26    6    8    0 1922   14   24]
 [  96   12   22    4   30   38   22    2 1714   40]
 [   0   32    6   26   20   10    0   34  262 1612]]
example:9000
accuracy:0.8958
f1s:0.8966806103004097
[[1698    0   12    0    8    0  122    2  176   20]
 [   0 1866   28    4   16   36   12   46   28    2]
 [   2   12 1808   66    6   12    4   20   28   36]
 [   8    4   54 1858    0    6    4   18   14   38]
 [   2    4    2    0 1750   14   32   12  110   50]
 [  10    8    2   52    2 1808   12    4   20   28]
 [   4    2   14    0   12   44 1856    0   36   14]
 [   0   10   20   26    6    8    0 1930   16   24]
 [  96    8   24    4   30   38   30    2 1704   44]
 [   0   30    4   26   24   10    0   38  232 1638]]
example:10000
accuracy:0.9001
f1s:0.9009075240945995
[[1746    0   12    0    8    2  112    2  138   18]
 [   0 1878   26    4   16   34    8   46   24    2]
 [   2   10 1806   64    6   12    4   22   30   38]
 [   8    4   56 1852    0   10    4   22   10   38]
 [   2    4    2    0 1742   12   30   12  122   50]
 [   8    8    0   48    0 1820   12    4   20   26]
 [   8    2   10    0   10   44 1860    0   36   12]
 [   0   10   22   20    6    8    0 1934   12   28]
 [  98    6   22    6   32   34   24    2 1712   44]
 [   0   30    4   26   22    4    0   36  228 1652]]
example:11000
accuracy:0.8988
f1s:0.8996919046709317
[[1732    0   12    0    8    2   96    0  172   16]
 [   0 1868   28    4   18   28   18   42   30    2]
 [   4   12 1796   70   12   10    2   24   28   36]
 [  12    4   64 1848    0    8    0   20   12   36]
 [   2    4    2    2 1770    6   46    8   94   42]
 [   6    8    0   52    0 1818   12    4   20   26]
 [   8    2   10    0   12   40 1860    0   38   12]
 [   0   10   20   24    6    8    0 1930   18   24]
 [  90    6   22    6   36   34   26    2 1716   42]
 [   0   30    4   28   24    4    0   36  238 1638]]
example:12000
accuracy:0.9001
f1s:0.9010030885325788
[[1716    0   16    0    8    2   90    0  194   12]
 [   0 1896   24    4   20   20    6   36   30    2]
 [   4   12 1778   84    8    8    2   30   30   38]
 [  10    4   52 1860    0    8    0   24   14   32]
 [   0    4    2    0 1778    8   36   12   94   42]
 [   4    8    0   50    0 1828   12    2   18   24]
 [   8    2   10    0   10   40 1862    0   38   12]
 [   0   12   16   12    6    4    0 1964   14   12]
 [  88    8   20    6   34   36   22    0 1728   38]
 [   0   32    4   22   22    4    0   56  270 1592]]
example:13000
accuracy:0.8984
f1s:0.8994945397962534
[[1710    0   16    0   10    2   82    0  208   10]
 [   0 1902   22   10   16   16    8   32   30    2]
 [   2   12 1770   96    8    6    2   28   38   32]
 [   8    6   48 1868    0    6    2   24   14   28]
 [   0    4    2    0 1768   10   34   12  106   40]
 [   4    8    0   50    0 1830   14    0   18   22]
 [   4    6   10    0   18   34 1864    0   34   12]
 [   0   18   18   14    6    4    0 1954   14   12]
 [  80    6   22    6   38   32   24    2 1732   38]
 [   0   26    4   20   24    8    0   56  294 1570]]
example:14000
accuracy:0.8993
f1s:0.9003049252874246
[[1704    0   14    0   12    2   84    0  212   10]
 [   0 1900   22   10   16   18    8   32   30    2]
 [   4   14 1772   96   10    4    2   24   34   34]
 [   8    6   48 1872    0    6    2   22   14   26]
 [   0    4    2    2 1760   12   38   10  106   42]
 [   4    8    0   50    0 1832   12    0   18   22]
 [   6    4   10    0   16   32 1864    0   34   16]
 [   0   16   18   14    4    4    0 1956   16   12]
 [  78    4   22    6   38   34   24    2 1732   40]
 [   0   24    2   24   24    8    0   64  262 1594]]
example:15000
accuracy:0.8995
f1s:0.9005378123594976
[[1710    0   14    0   10    2   80    0  212   10]
 [   0 1898   24   10   16   20    6   32   30    2]
 [   4   14 1778   90   10    4    0   30   32   32]
 [   8    6   46 1876    0    6    2   22   12   26]
 [   0    4    4    2 1756   12   34   10  112   42]
 [   4    8    0   52    0 1828   12    2   16   24]
 [   6    4   12    0   16   34 1860    0   34   16]
 [   0   14   12   16    4    4    0 1966   16    8]
 [  80    4   22    8   36   34   24    2 1734   36]
 [   0   24    2   24   24    8    0   62  274 1584]]
example:16000
accuracy:0.8977
f1s:0.899077816827132
[[1696    0   14    0    8    2   76    0  232   10]
 [   0 1890   28    6   18   20    6   32   36    2]
 [   4   16 1784   92    6    4    0   28   34   26]
 [   8    6   42 1880    0    6    0   22   16   24]
 [   0    4    2    2 1760   10   26   10  120   42]
 [   6    8    0   56    0 1828    8    2   16   22]
 [   4    2   12    0   16   38 1860    0   34   16]
 [   2   12   12   14    4    4    0 1970   16    6]
 [  70    4   20    8   36   36   22    2 1744   38]
 [   0   24    2   24   22    8    0   56  324 1542]]
example:17000
accuracy:0.9017
f1s:0.9029237068899081
[[1708    0   14    0    8    2   68    0  228   10]
 [   0 1892   28    4   18   20    6   28   38    4]
 [   4   14 1794   78    8    4    0   30   30   32]
 [   8    6   46 1874    0    6    2   26   14   22]
 [   0    4    2    0 1758   14   26   10  118   44]
 [   6    8    0   50    0 1828   10    2   18   24]
 [   4    2   12    0   14   40 1860    0   34   16]
 [   2   18   14   14    4    4    0 1960   16    8]
 [  78    4   22    8   36   34   20    2 1736   40]
 [   0   28    2   22   20    6    0   52  248 1624]]
example:18000
accuracy:0.9004
f1s:0.9017271557212866
[[1662    0   12    0    6    4   78    0  266   10]
 [   0 1892   30    6   18   20    4   28   36    4]
 [   4   14 1798   76    8    4    0   26   30   34]
 [   4    6   46 1882    0    6    2   22   14   22]
 [   0    4    2    2 1768   16   24    8  108   44]
 [   4    8    0   52    0 1820   12    2   22   26]
 [  10    2   12    0   16   38 1854    0   32   18]
 [   0   16   12   16    4    6    0 1962   16    8]
 [  60    4   22    8   34   34   20    2 1756   40]
 [   0   26    2   22   24    6    0   48  260 1614]]
example:19000
accuracy:0.9018
f1s:0.9030519658777723
[[1660    0   12    0    6    4   80    0  266   10]
 [   0 1896   28    8   16   20    4   28   34    4]
 [   4   14 1808   62    8    6    0   28   30   34]
 [   2    6   48 1880    0    6    2   24   14   22]
 [   0    4    2    0 1778   14   26   10  100   42]
 [   4    8    0   52    0 1820   12    2   22   26]
 [   8    2   12    0   14   40 1852    0   32   22]
 [   0   14   12   16    4    6    0 1964   16    8]
 [  56    4   22    8   34   34   20    2 1758   42]
 [   0   24    2   20   24    8    0   52  252 1620]]
example:20000
accuracy:0.9031
f1s:0.9040570409308099
[[1684    0   12    0    6    4   82    0  240   10]
 [   0 1894   36    2   16   20    4   30   32    4]
 [   6   12 1794   74   12    2    0   30   36   28]
 [   2    6   48 1880    0    6    2   24   16   20]
 [   0    4    2    0 1796   12   28   10   78   46]
 [   6    8    0   62    0 1808   10    2   24   26]
 [   6    2   14    0   14   38 1850    0   40   18]
 [   0   14   12   14    6    6    0 1958   18   12]
 [  72    4   22    8   34   38   26    2 1726   48]
 [   0   24    2   20   22    8    0   64  190 1672]]
