example:1000
accuracy:0.7189
f1s:0.7236819952675504
[[1968    4   46    0    2    2    4    0    4    8]
 [   2 1070  890    2    0   18    0    6   50    0]
 [   0   12 1954    4    2   14    4    0    2    2]
 [  10   32  212 1598    0  124    0    4   18    6]
 [   2   50   66   12  792   10   38    6  952   48]
 [   2   28   22    2    2 1870    0    0   20    0]
 [   4   14  154    0    4   30 1696    0   80    0]
 [   2   30  596    4    2    2    0 1164  214   26]
 [ 102   36  258    8    4   24   12    2 1526    8]
 [  16   24   58   24    4   40    0   20 1076  740]]
example:2000
accuracy:0.8697
f1s:0.8685896937089105
[[2006   14    6    0    2    8    0    0    2    0]
 [   2 1872   90    0    0   20    0   14   38    2]
 [   4   18 1930    0    0   22    0    4   14    2]
 [  28   40   52 1514    0  254    0   44   20   52]
 [  16  202   24    2 1438   20    2   20  120  132]
 [   0   36    6    4    0 1890    0    2    6    2]
 [  58  140  190    0    2   74 1406    0  112    0]
 [   2   24   12    0    0    4    0 1834    4  160]
 [ 118   54   24    2   12   36    0    2 1700   32]
 [  10   44    2    0    6   22    0   16   98 1804]]
example:3000
accuracy:0.8777
f1s:0.8764958463052106
[[1770   10   84    8   30   12   16    8  100    0]
 [   0 1164  462   14   10   34    0  176  176    2]
 [   0   14 1928    8    4   10    2    6   20    2]
 [   0   22   38 1844    2   42    2   30   18    6]
 [   0    6   22    0 1848   14    2   24   48   12]
 [   0   26   10   12    4 1882    0    2   10    0]
 [   0    8  138    6   12   38 1740    0   40    0]
 [   0    8   10    0    6    0    0 1970    4   42]
 [   2   12   42    6   30   44    8    0 1826   10]
 [   2   14    4   12   16   50    0   94  228 1582]]
example:4000
accuracy:0.8811
f1s:0.8807855230537797
[[1986    2    0    0   18    6    6   10   10    0]
 [   6 1356   10    8   32   32    0  228  354   12]
 [  54   14 1456   30   10   74    4   86  260    6]
 [  18   22    0 1688    4  170    0   68   26    8]
 [   8    2    0    0 1900   10    6   16   18   16]
 [   0   24    0    8    6 1892    0    6    6    4]
 [  12    4   10    0   14   24 1876    2   40    0]
 [   0    8    2    0    6    2    0 1976    2   44]
 [  72    8    0    2   46   36    6   12 1778   20]
 [   4   10    0    8   14   32    0  104  116 1714]]
example:5000
accuracy:0.8815
f1s:0.8853027807625534
[[1918    2   16    0   82    8    4    0    8    0]
 [   0 1224   26    6  742   14    2    6   14    4]
 [   0   16 1910    2   26   10    0    0   26    4]
 [   4   26   28 1812   36   68    0    2   22    6]
 [   0    2    2    0 1962    4    0    0    0    6]
 [   0   26    4    4   14 1878    4    0   14    2]
 [   2    6   20    0   60    4 1880    0   10    0]
 [   0    8   24   16  184    0    0 1704   22   82]
 [  52   14   16    2  136   26    4    0 1722    8]
 [   4    6    2    8  242   28    0   10   82 1620]]
example:6000
accuracy:0.9182
f1s:0.9179718590722475
[[1972    4    8    0   10    6   14    2   20    2]
 [   0 1602  100    4    4   12    2  188  122    4]
 [   0   14 1906    4    2   16    0   12   34    6]
 [   2   30   44 1758    4   62    6   52   26   20]
 [   4   10   28    0 1716   16   22   26   56   98]
 [   0   30    2    4    6 1854    4    4   34    8]
 [   4    6   28    0   10    6 1922    0    6    0]
 [   0    8    6    0    4    0    0 1958    2   62]
 [  44   18   26    2   26   20   12   10 1792   30]
 [   2   12    2    2    8   12    0   30   50 1884]]
example:7000
accuracy:0.8848
f1s:0.8830405239005126
[[1968    2    6    0   12    6   12    2   28    2]
 [  10 1596   38    2   48   12    2   20  270   40]
 [   0   14 1896    0    6   10    0    2   46   20]
 [  34   24  118 1240    4  362    8   10   60  144]
 [   2    2   10    0 1904    4    0    2   16   36]
 [   0   30    2    2    6 1852    4    4   38    8]
 [   6    6   16    0   20    6 1910    0   18    0]
 [   0    8   10    0   12    0    0 1576   10  424]
 [  42   10    2    0   50   16    6    0 1816   38]
 [   0    8    0    0   18    0    0    6   32 1938]]
example:8000
accuracy:0.9145
f1s:0.9150212291821972
[[1982   30    6    2   12    2    0    0    2    2]
 [   0 1994   20    6    4    2    0    8    0    4]
 [   0   36 1928   16    6    0    0    4    2    2]
 [  12   60   30 1892    0    4    0    4    0    2]
 [   2   52    8    0 1898    4    0    2    0   10]
 [  16   94   16   58    0 1732    2    8   20    0]
 [  10  136   56    2   56    0 1722    0    0    0]
 [   0   84    4    4   10    0    0 1922    0   16]
 [ 202  178   32   18   70   12    0    8 1440   20]
 [  12   86    4   30   44    6    0   40    0 1780]]
example:9000
accuracy:0.8797
f1s:0.8808743186896476
[[1924    2    4    2   28   24   26    0   26    2]
 [   0 1800   26    8   36   78    6   10   74    0]
 [   0   12 1864    0    4   78    2    0   34    0]
 [   0   26   12 1510    4  422    6    6   16    2]
 [   0    2    4    0 1918   24    0    0   22    6]
 [   0   24    0    2    4 1912    0    0    4    0]
 [   0    6   18    2   26   36 1890    0    4    0]
 [   0   14    6    4    6  100    0 1876   22   12]
 [  28   12    6    2   60  108   10    2 1752    0]
 [   6   18    2   14   46  324    0   22  422 1148]]
example:10000
accuracy:0.9056
f1s:0.9052247696627066
[[2004    6    2    0   10   10    2    0    2    2]
 [   0 1920   38    2   10   40    0   26    0    2]
 [   8   14 1904    0    6   30    0   18   14    0]
 [  28   30   44 1384    4  436    0   64   10    4]
 [   4   22   10    0 1892   20    0    6    8   14]
 [   0   26    2    0    4 1908    0    4    2    0]
 [  42   20   48    0   32   58 1782    0    0    0]
 [   2   18    4    0    2    4    0 1988    0   22]
 [ 186   42   24    0   56  144    2    0 1512   14]
 [  20   24    0    4   24   60    0   46    6 1818]]
example:11000
accuracy:0.9107
f1s:0.9108823385065341
[[1810    6   26    4   54   18  114    0    2    4]
 [   0 1796   36    6  138   22   30    4    2    4]
 [   0   22 1922    0   12   18    2    2   10    6]
 [   0   34   52 1622    8  246   12   18    6    6]
 [   0    4    6    0 1954    6    0    0    0    6]
 [   0   36    2    2    6 1892    4    2    2    0]
 [   0   10   14    2   30    4 1922    0    0    0]
 [   0   32    4    0   10   20    0 1864    0  110]
 [  22   44   14    0  110  114   82    0 1576   18]
 [   0   22    0    6   58   52    0    8    0 1856]]
example:12000
accuracy:0.926
f1s:0.9253595191675815
[[1990    2    2    0    8   10   24    0    0    2]
 [   4 1876   42    2    6   26   46   30    4    2]
 [   2   18 1920    0    4   10    4   18   14    4]
 [  14   26   60 1624    2  188   24   56    6    4]
 [   8    6    8    0 1894   12   20    6    4   18]
 [   0   26    0    2    8 1900    2    4    4    0]
 [   4    6   20    0   14    8 1928    0    2    0]
 [   4   10    8    0    2    6    0 1994    0   16]
 [ 162   16   28    0   44  104   44    0 1570   12]
 [  18   16    6    6   26   56    0   44    6 1824]]
example:13000
accuracy:0.9307
f1s:0.931223205685171
[[1854    4   24   10   22   10    8    0   92   14]
 [   0 1736   26   24    4   24    0   58  144   22]
 [   0   22 1870   18    4   10    0   10   46   14]
 [   0   24    6 1882    0   48    0   12   22   10]
 [   0    6    6    0 1846   24    0    8   34   52]
 [   0   32    0    4    4 1896    0    0    8    2]
 [   0   10   24    2   26   42 1846    0   32    0]
 [   0   10    0    0    2    0    0 1926   10   92]
 [   4   18   14    2   30   26    2    0 1860   24]
 [   0   10    0   10    8   32    0   10   34 1898]]
example:14000
accuracy:0.9098
f1s:0.9115480151064755
[[1958    6    2    0    4    4   34    0   26    4]
 [   0 1592   28    2   20   10   18   52  312    4]
 [   0   10 1860    2    4    6    6   16   82    8]
 [   6   26   30 1748    2   34   20   70   64    4]
 [   4    2   10    0 1836    6   24    8   68   18]
 [   0   32    2    2    8 1834   12    8   46    2]
 [   4    6   16    0   14    0 1932    0   10    0]
 [   0    6    6    0    2    0    0 1990   18   18]
 [  26   14   10    0   24   12   18    4 1866    6]
 [  10    6    2    6   20   14    0   64  300 1580]]
example:15000
accuracy:0.9197
f1s:0.9218751969013705
[[1808    8   20    0   28    6   12    4  148    4]
 [   0 1838   28    2    6   10    0   14  140    0]
 [   0   24 1868    0    4    6    0    6   78    8]
 [   0   40   44 1698    0   50    0   54  112    6]
 [   0   10    8    0 1882    6    0    6   46   18]
 [   0   38    0    2    6 1844    0    4   50    2]
 [   0   18   26    2   24    6 1836    0   70    0]
 [   0   16    4    0    2    0    0 1966   22   30]
 [   4   18   12    0   26   18    2    4 1886   10]
 [   0   22    0    6   18   18    0   22  148 1768]]
example:16000
accuracy:0.9292
f1s:0.9300344626682352
[[1958    6   20    2    6    6   14    0   20    6]
 [   0 1854   60    2    4    2    4    4  104    4]
 [   0   26 1926    4    0    0    0    0   26   12]
 [   0   36   44 1872    0    6    6    6   28    6]
 [   2   36   20    0 1772    4   10    4   80   48]
 [   0   38    8   42    2 1730    6    2  110    8]
 [   2   14   38    2   10    4 1904    0    8    0]
 [   0   16   20    2    2    0    0 1832   16  152]
 [  22   16   34    4   16    6    8    6 1846   22]
 [   0   18    2   10   12    0    0    8   62 1890]]
example:17000
accuracy:0.8975
f1s:0.8989444317601974
[[1850    2    0    0   68   18   84    0   14    2]
 [   0 1764   10    2  124   62   20   10   36   10]
 [   0   20 1620    0   38  164   42   26   74   10]
 [   0   26    0 1416    6  504    6   26   12    8]
 [   0    2    0    0 1952   12    0    2    2    6]
 [   0   28    0    0    4 1906    0    4    4    0]
 [   0    4    4    2   28   10 1926    0    8    0]
 [   0   10    0    0   14   12    0 1958    0   46]
 [  10   16    0    0   90   98   30    4 1718   14]
 [   0    8    0    4   68   66    0   10    6 1840]]
example:18000
accuracy:0.9232
f1s:0.9244615942551012
[[1796    8   10    8  144    4   66    0    2    0]
 [   0 1788   20   32  176    4    6    6    4    2]
 [   0   28 1904   28   12    0    2    4   14    2]
 [   0   36    6 1932   10    4    8    6    2    0]
 [   0    2    0    0 1962    4    0    2    2    4]
 [   0   42    6   82   16 1754   22    4   20    0]
 [   0   12   10    2   50    0 1904    0    4    0]
 [   0   22    6   10   20    0    0 1974    0    8]
 [  20   34    8   18  140   14   30    0 1700   16]
 [   0   28    4   36  126   12    0   32   14 1750]]
example:19000
accuracy:0.8828
f1s:0.8824251031181871
[[2006    2    2    0    6    4    2    4   10    2]
 [ 202 1046   14    4   16    8    0  146  594    8]
 [  42   20 1638    6    4    6    0   20  242   16]
 [  32   24    0 1808    2   24    0   32   74    8]
 [  10    2    2    0 1874    2    0    6   56   24]
 [   2   30    0    4    6 1834    0    6   62    2]
 [  36    6    8    0   20    6 1876    0   30    0]
 [   4    8    0    0    2    0    0 1962   18   46]
 [  54   12    2    2   26   12    6    8 1842   16]
 [  10    8    0    6   22   14    0   14  158 1770]]
example:20000
accuracy:0.9391
f1s:0.9399518077572917
[[1934   32    4    2   28    6   12    0   16    4]
 [   0 1990    6    2    6    8    0   14    8    4]
 [   0   60 1824    4    6    6    0   46   34   14]
 [   0   72    2 1818    2   26    6   56   16    6]
 [   0   68    2    0 1860    8    0    6   14   18]
 [   0   46    2    2    2 1870    0    6   14    4]
 [   0   52    8    2   30    2 1884    0    4    0]
 [   0   52    2    0    4    0    0 1952    0   30]
 [  22   72    0    2   46   26    2   24 1764   22]
 [   0   58    0    6    8   10    0   30    4 1886]]
