Classifier: KNN
K: 3 metric:manhattan
accuracy:0.8032431879412065
f1s:0.802966487348905
[[5154    6    6  171   43   13  119    7    6   35]
 [  15 3699  402   51   51   10 1088  138  163 1038]
 [  45   37 5014   87   12    1   84  541   18   49]
 [  21   23   94 4770   27   64   14  365   16  425]
 [  82    9    3    0 5039    0  191    1    3  394]
 [  28   40   16  494  141 4306   96   11  125  282]
 [ 286   40    0    6   83   16 5300    0  126    1]
 [   0   34   44   11  242    0    2 5028    5  731]
 [ 448   51   32    3  206    6  124   16 3330 1479]
 [  30   25    8   52  167    8   13   31   12 5467]]
Classifier: KNN
K: 3 metric:manhattan
accuracy:0.8854312314565358
f1s:0.8856159843540822
[[5369    5    7   28   47    8   82    5    2    7]
 [  11 5780  129   65   22   12  175  158    4  299]
 [  40   53 5367   36    4    0   45  321    7   15]
 [  30   21   36 5357    0   38    3  252   20   62]
 [  96   18    5    1 5090    0  116    2    3  391]
 [  30   25    5  838   46 4351   76   19   46  103]
 [ 291   35    3    4   56   35 5407    0   27    0]
 [   0   64   91   57  175    1    1 5412    2  294]
 [ 368   75   34    9  139   17   94   22 4334  603]
 [  29   33    7   64  132    7   10   55   16 5460]]
Classifier: KNN
K: 3 metric:manhattan
accuracy:0.9061828598710909
f1s:0.9060288666319486
[[5405    4    7   26   32   12   67    1    5    1]
 [  14 6275   97   48   28   14  101   41    8   29]
 [  61  131 5369   44    2    1   53  209   13    5]
 [  32   53   31 5451    0   27    1  165   26   33]
 [  99   41    3    0 5072    0  159    3    4  341]
 [  36   42   16  628   29 4575   96   14   45   58]
 [ 301   28    0    1   24   39 5452    0   13    0]
 [   1  164  141   64  161    1    1 5367    4  193]
 [ 296  147   25    0   91   21   95   13 4762  245]
 [  27   56   42   57  108    3   13   59   32 5416]]
Classifier: KNN
K: 3 metric:manhattan
accuracy:0.9091327626777614
f1s:0.9089390478917757
[[5384    5    5   63   30    3   63    2    4    1]
 [   8 6295  127   33    8   12   84   61   10   17]
 [  49  102 5466   31    2    0   43  181   10    4]
 [  14   57   37 5466    0   23    1  167   20   34]
 [  86   35    6    0 5034    0  166    6    7  382]
 [  29   39   26  625   22 4555   92   26   52   73]
 [ 250   24    2    5   24   54 5478    0   21    0]
 [   0  130  153   36  158    0    1 5424   16  179]
 [ 301  127   31   12   82   16   89   15 4828  194]
 [  28   47   40   56  106    2   15   99   33 5387]]
Classifier: KNN
K: 3 metric:manhattan
accuracy:0.9166865600381953
f1s:0.916465485557352
[[5435    5    4   29   23    1   53    2    8    0]
 [   9 6258  140   30   13   13   93   59   19   21]
 [  38   81 5503   33    2    0   48  172    8    3]
 [  13   40   35 5546    0   27    3  106   21   28]
 [  80   27    6    0 5072    1  187    5    9  335]
 [  31   21   24  557   24 4639  109   22   50   62]
 [ 193   15    1    0   18   45 5564    0   22    0]
 [   0  130  157   56  144    1    1 5425   12  171]
 [ 284   95   27    8   86   12   93   16 4921  153]
 [  26   33   52   58  107    6   16   71   47 5397]]
Classifier: KNN
K: 3 metric:manhattan
accuracy:0.9271391058213689
f1s:0.9268552035023973
[[5467    6    3   19   17    3   34    3    8    0]
 [   0 6342  128   32   18    4   39   57   15   20]
 [  42   64 5513   38    2    0   25  185   14    5]
 [  14   45   33 5485    0   23    3  161   19   36]
 [  73   30    1    0 5290    0  160    4   11  153]
 [  21   24   14  530   35 4606  108   19   74  108]
 [ 173   42    0    0   16   64 5505    0   58    0]
 [   2   95   69   21   77    2    0 5756    7   68]
 [ 141  100   22    5  105   10   79   22 5002  209]
 [  31   41   30   45  153    2   13   61   30 5407]]
Classifier: KNN
K: 3 metric:manhattan
accuracy:0.9350339324080074
f1s:0.9348108778320945
[[5466    6    4   18   15    2   34    1   14    0]
 [   0 6369  115   25   39    7   20   56    5   19]
 [  38   52 5515   29    3    0   22  205   20    4]
 [  11   41   27 5524    2   25    4  127   24   34]
 [  48   29    2    0 5363    0  139    3   11  127]
 [  26   26    8  506   29 4677   96   15   69   87]
 [ 141   33    0    1    8   41 5596    0   38    0]
 [   2   91   54   27   61    2    0 5795    5   60]
 [ 107   91   22    8   96   12   60   17 5124  158]
 [  33   40   24   32  177    4   13   53   30 5407]]
Classifier: KNN
K: 3 metric:manhattan
accuracy:0.9355
f1s:0.9360012135285677
[[1966   22    4    0    2   10   22    2    8    2]
 [   0 1978   18    0    0   28    0   14    0    0]
 [   4   48 1874   22    2   12    0    6   22    4]
 [   2   68   12 1810    0   72    2   20   14    4]
 [   4   52    0    0 1864   30    8    2    8    8]
 [   0   20    0    2    0 1902   12    0   10    0]
 [   0   38    0    0   12   16 1912    0    4    0]
 [   0   28    6   40   10   18    0 1894    0   44]
 [  36   70    2    4   10   46    8    2 1788   14]
 [   2   60    2    6   12  110    0   30   58 1722]]
Classifier: KNN
K: 3 metric:manhattan
accuracy:0.9371
f1s:0.9374679997981974
[[1966   16    4    2    4   10   28    2    4    2]
 [   0 1972   18    0    0   30    0   18    0    0]
 [   4   54 1862   20    2   18    2    8   20    4]
 [   2   58   16 1830    0   62    2   18   14    2]
 [   0   44    0    0 1872   28   12    6    6    8]
 [   0   12    0    2    0 1910   10    0   12    0]
 [   2   24    0    0    8   20 1924    0    4    0]
 [   0   30    6   26   10   24    0 1910    0   34]
 [  38   62    2    4   10   52   14    2 1784   12]
 [   2   66    2    4   16   98    0   32   70 1712]]
Classifier: KNN
K: 3 metric:manhattan
accuracy:0.9394
f1s:0.9397335850282443
[[1976   16    4    0    4    8   24    2    2    2]
 [   0 1972   16    0    0   32    0   18    0    0]
 [   4   44 1868   18    2   20    4   10   20    4]
 [   8   58   18 1822    0   64    2   16   14    2]
 [   0   46    0    0 1870   26   14    6    6    8]
 [   0   14    0    2    0 1908   10    0   12    0]
 [   2   22    0    0    6   22 1928    0    2    0]
 [   0   24    6   28   12   14    0 1918    0   38]
 [  44   66    2    4    6   54   14    2 1778   10]
 [   8   52    2    6   14   90    0   26   56 1748]]
Classifier: KNN
K: 3 metric:manhattan
accuracy:0.9437
f1s:0.9439017058652452
[[1986   14    4    0    2    8   14    0    8    2]
 [   0 1952   18   10    0   38    0   20    0    0]
 [   0   38 1886   26    0   18    2    6   16    2]
 [   6   42   10 1884    0   24    2   18   16    2]
 [   0   34    0    0 1868   32   20    8    6    8]
 [   0   10    0   14    0 1910    8    0    4    0]
 [   2   12    0    0    6   28 1932    0    2    0]
 [   0   22    6   30   12   20    0 1904    2   44]
 [  30   48    2    6    6   62   16    2 1794   14]
 [   6   40    2   18   14   78    0   24   62 1758]]
Classifier: KNN
K: 3 metric:manhattan
accuracy:0.9459
f1s:0.9460876900882393
[[1978   12    4    0    2    8   24    0    8    2]
 [   0 1958   18    8    0   36    0   18    0    0]
 [   0   36 1892   20    0   20    2    6   16    2]
 [   4   44   14 1882    0   26    2   14   16    2]
 [   2   30    0    0 1884   26   10    8    8    8]
 [   0   10    0   12    0 1908   10    0    6    0]
 [   2   10    0    0    6   26 1936    0    2    0]
 [   0   12    6   28   14   18    0 1926    2   34]
 [  28   48    0    8    4   66   10    2 1796   18]
 [   6   40    2   16   14   80    0   22   64 1758]]
Classifier: KNN
K: 3 metric:manhattan
accuracy:0.9463
f1s:0.9464849149454705
[[1970   16    6    0    2    8   22    0   10    4]
 [   0 1962   18    6    0   36    0   16    0    0]
 [   0   32 1900   20    0   18    2    6   16    0]
 [   4   44   12 1878    0   30    2   16   16    2]
 [   2   24    0    0 1888   28   10    8    6   10]
 [   0   12    0   14    0 1904    8    0    8    0]
 [   2   12    0    0    6   26 1934    0    2    0]
 [   0   18    8   20   12   14    0 1944    2   22]
 [  26   48    0    6    6   66   14    2 1798   14]
 [   6   40    0   16   20   78    0   22   72 1748]]
Classifier: KNN
K: 3 metric:manhattan
accuracy:0.9482
f1s:0.9484743254010295
[[1968   16    4    0    6   10   22    0    8    4]
 [   0 1960   16   10    0   36    0   16    0    0]
 [   0   32 1898   18    0   20    4    4   16    2]
 [   4   48   12 1868    0   34    2   20   12    4]
 [   4   24    0    0 1896   26    6    4    2   14]
 [   0   10    0   18    0 1904    6    0    8    0]
 [   2   12    0    0   12   26 1928    0    2    0]
 [   0   20    6   20   10   16    0 1944    2   22]
 [  24   48    0    4    6   64   12    4 1798   20]
 [   4   42    0   14   12   68    0   20   42 1800]]
Classifier: KNN
K: 3 metric:manhattan
accuracy:0.9496
f1s:0.9498740556884688
[[1968   16    4    0    6   10   20    0   10    4]
 [   0 1964   16    8    0   34    0   16    0    0]
 [   0   32 1900   18    0   20    2    4   16    2]
 [   2   46   12 1868    0   42    2   20    8    4]
 [   4   16    0    0 1904   26    8    4    2   12]
 [   0    8    0   16    0 1912    4    0    6    0]
 [   2   14    0    0   12   26 1926    0    2    0]
 [   0   20    6   18   10   16    0 1944    0   26]
 [  22   48    0    4    6   64   10    4 1808   14]
 [   4   42    0   16   14   66    0   18   44 1798]]
Classifier: KNN
K: 3 metric:manhattan
accuracy:0.9508
f1s:0.951035771930188
[[1970   14    4    0    6   10   18    0   12    4]
 [   0 1966   16    8    0   34    0   14    0    0]
 [   0   36 1896   18    0   18    4    4   16    2]
 [   2   46   12 1872    0   38    2   20    8    4]
 [   4   16    0    0 1908   22    8    4    2   12]
 [   0    8    0   10    0 1918    4    0    6    0]
 [   2   12    0    0   10   26 1930    0    2    0]
 [   0   16    6   18   10   14    0 1948    0   28]
 [  20   46    0    4    6   68    8    4 1810   14]
 [   4   40    0   16   12   64    0   28   40 1798]]
Classifier: KNN
K: 3 metric:manhattan
accuracy:0.9504
f1s:0.9506498582268769
[[1976   16    4    0    4   10   14    0   12    2]
 [   0 1968   14    8    0   34    0   14    0    0]
 [   0   40 1896   12    0   18    4    6   16    2]
 [   2   46   12 1868    0   40    2   20   10    4]
 [   4   14    0    0 1914   20    8    4    0   12]
 [   0   10    0   14    0 1908    4    0   10    0]
 [   2   14    0    0   10   26 1928    0    2    0]
 [   0   20    6   16   10   12    0 1948    0   28]
 [  22   40    2    6   10   68    6    4 1810   12]
 [   4   44    0   10   12   66    0   26   48 1792]]
Classifier: KNN
K: 3 metric:manhattan
accuracy:0.9525
f1s:0.9527226732980509
[[1988    6    4    2    4    8   14    0    8    4]
 [   0 1964   18    6    2   30    0   18    0    0]
 [   0   24 1906   16    6   12    0   12   16    2]
 [   6   36   14 1882    0   34    0   20   10    2]
 [   4   16    0    0 1906   18    4    2   10   16]
 [   0    8    0    8    0 1918    4    0    8    0]
 [   0   14    2    0   14   22 1918    0   12    0]
 [   0   22   10   20    6   14    0 1936    0   32]
 [  26   30    2    8   14   70    4    4 1806   16]
 [   2   24    2    8    6   96    0   22   16 1826]]
Classifier: KNN
K: 3 metric:manhattan
accuracy:0.9529
f1s:0.9531219627901177
[[1986    6    4    2    4    8   14    0   10    4]
 [   0 1964   20    6    0   30    0   18    0    0]
 [   0   24 1902   18    6   14    0   14   14    2]
 [   4   38   14 1884    0   32    0   20   10    2]
 [   2   12    0    0 1902   20    4    6   10   20]
 [   0    8    0    8    0 1918    4    0    8    0]
 [   0   12    2    0   14   22 1920    0   12    0]
 [   0   18    8   10    4   12    0 1944    0   44]
 [  26   24    4   10   16   72    4    4 1804   16]
 [   2   22    2    6    4   94    0   24   14 1834]]
Classifier: KNN
K: 3 metric:manhattan
accuracy:0.9533
f1s:0.9534846952105436
[[1988    6    4    2    4    8   14    0    8    4]
 [   0 1958   20   12    0   30    0   18    0    0]
 [   0   22 1902   22    6   14    0   12   16    0]
 [   4   34   12 1890    0   32    0   22   10    0]
 [   0   10    0    2 1904   22    6    4    4   24]
 [   0    8    0   10    0 1920    4    0    4    0]
 [   0   12    2    0   10   22 1924    0   12    0]
 [   0   16   10    6    6    8    0 1934    0   60]
 [  26   24    4   12   16   68    4    2 1804   20]
 [   2   20    2   12    0   84    0   20   20 1842]]

