examples:1
Classifier: NAIVE BAYES
accuracy:0.6483
f1s:0.6461955283155115
[[1274    0  192    4    2    4  282    2  278    0]
 [  12 1280  202   54    2  442    4    8   34    0]
 [  68   14 1564   92    6   42   56   10  140    2]
 [  18   14   70 1818    0   22    2   30   28    2]
 [  16    2   34    4  748   76   88   48  898   62]
 [   2    2    2   60    0 1802    2    2   74    0]
 [  18    4   14   20    2  268 1570    2   84    0]
 [   0    0  614  258    0   54    0 1020   72   22]
 [  50    4  372   20    2  200   10    0 1314    8]
 [   0   10  400  248   12  130    0   10  616  576]]
examples:2
Classifier: NAIVE BAYES
accuracy:0.8438
f1s:0.8446173263050137
[[1520    0    6    0   10    2  362    2  136    0]
 [   0 1840   28    8    2   68   14   42   36    0]
 [   6   32 1746   66   10   20    2   38   54   20]
 [  22   16   62 1802    0   20    4   42   10   26]
 [   6    4   26    4 1598   28   78   16  170   46]
 [   0    4   14   42    4 1832    8    2   28   12]
 [  10    4   18    0   28   52 1810    2   58    0]
 [   4   16   84  144    6   12    0 1554   92  128]
 [ 102    8   32    8   12   56   26    0 1710   26]
 [   2   20   66   84    8   32    0   16  310 1464]]
examples:3
Classifier: NAIVE BAYES
accuracy:0.8607
f1s:0.8618691406299144
[[1572    0    4    2   10    2  296    2  150    0]
 [   0 1854   22    6    2   66   12   52   24    0]
 [   2   42 1704  124    8   18    2   32   46   16]
 [  16   20   50 1822    2   22    2   34   10   26]
 [   6    8   14    2 1562   28   76   16  210   54]
 [   0    2    2   40    0 1844   18    2   28   10]
 [   6    2   16    0   18   52 1828    0   60    0]
 [   0   14   50   74    6   12    0 1746   38  100]
 [ 136   18   24   10   10   36   26    2 1692   26]
 [   0   46   20   18    8   28    0   12  280 1590]]
examples:4
Classifier: NAIVE BAYES
accuracy:0.871
f1s:0.8720369659128709
[[1536    0    4    0    4    0  276    2  206   10]
 [   0 1858   22    6   12   68    6   36   30    0]
 [  10   44 1730  106    8   14    0   26   36   20]
 [  16   16   44 1840    0   24    0   28   18   18]
 [   6    8    2    2 1654    4   78   16  122   84]
 [  12    4    2   36    0 1838   10    4   30   10]
 [  28    2   12    0    2   44 1826    2   66    0]
 [   0    8   30   42    6    8    0 1864   36   46]
 [  58   14   36    8   38   30   22    2 1720   52]
 [   0   34   24   26   12   18    0   42  292 1554]]
examples:5
Classifier: NAIVE BAYES
accuracy:0.8903
f1s:0.8907997512217607
[[1652    0    8    0    0    0  244    2  128    4]
 [   0 1898   22   10    6   56    4   18   22    2]
 [  10   44 1784   74    4    8    0   10   32   28]
 [  10   16   46 1848    0   18    2   28   14   22]
 [   6   14    6    2 1704    8   70   12   92   62]
 [  10   12    0   34    0 1838   16    2   20   14]
 [  16    4    8    0    0   38 1840    2   74    0]
 [   0   12   28   28    6   10    0 1890   36   30]
 [ 112   16   34    6   22   46   26    2 1656   60]
 [   0   32   18   24   14   24    0   48  146 1696]]
examples:6
Classifier: NAIVE BAYES
accuracy:0.8888
f1s:0.8895167137878665
[[1696    0    4    0    0    0  180    2  154    2]
 [   0 1896   26   10    4   54    4   18   24    2]
 [   6   54 1752   88    2    6    0   20   34   32]
 [  12   12   44 1862    0   14    0   26   14   20]
 [   4   12   10    4 1714    8   44   10  106   64]
 [  10    8    0   62    0 1806   26    0   22   12]
 [  16    8   10    0    2   30 1854    0   62    0]
 [   0   12   26   34    6   26    0 1872   24   40]
 [ 108   12   26   10   22   28   30    4 1686   54]
 [   0   32   10   44   12   24    0   54  188 1638]]
examples:7
Classifier: NAIVE BAYES
accuracy:0.8875
f1s:0.8881113400376542
[[1722    0    2    0    0    2  168    2  138    4]
 [   0 1900   24    8    6   48    0   22   28    2]
 [   4   66 1718  108    2    6    2   22   28   38]
 [   8   12   48 1864    0   12    4   22   14   20]
 [   4   16    8    6 1690   12   42    6  106   86]
 [  12   16    2   72    0 1782   26    0   20   16]
 [  16   10    8    0    2   36 1860    0   50    0]
 [   0   16   20   52    6   26    0 1870   20   30]
 [ 110   12   24   16   16   32   28    2 1668   72]
 [   0   28    4   66    6   20    0   44  158 1676]]
examples:8
Classifier: NAIVE BAYES
accuracy:0.878
f1s:0.8786562741936818
[[1742    0    2    0    0    0  160    0  130    4]
 [   0 1898   28    6   12   46    2   14   30    2]
 [   4   68 1742   96    2    6    2   10   30   34]
 [  10   20   48 1860    0    8    2   22   16   18]
 [   4   20    2   10 1680   12   52   10  130   56]
 [  10   18    2   44    0 1808   24    0   22   18]
 [  16    8   10    0    2   38 1858    0   50    0]
 [   0   24   20  114    6   30    0 1824   16    6]
 [ 132   16   22   18   20   36   26    0 1666   44]
 [   0   42    4  168   10   28    0   24  244 1482]]
examples:9
Classifier: NAIVE BAYES
accuracy:0.8755
f1s:0.8762686573177585
[[1708    0    2    0    2    0  212    2  110    2]
 [   0 1902   28    6   12   42    4   16   28    0]
 [   2   66 1742  102    2    8    2   16   26   28]
 [  10   22   48 1864    0    8    0   18   16   18]
 [   4   18    2   10 1684    6   54   12  128   58]
 [  10   28    2   64    2 1778   24    0   22   16]
 [  10    8    8    0    4   40 1858    0   50    4]
 [   0   22   14  130    6   24    0 1820   16    8]
 [ 146   10   22   18   18   32   36    0 1654   44]
 [   0   44    2  140   10   14    0   24  268 1500]]
examples:10
Classifier: NAIVE BAYES
accuracy:0.8814
f1s:0.8821076663476788
[[1732    0    2    0    2    2  192    2  104    2]
 [   0 1902   28    6   10   40    8   16   28    0]
 [   2   68 1748   92    0    8    2   16   28   30]
 [  16   24   48 1856    0    8    0   20   10   22]
 [  10   20    2    8 1664    2   58   10  142   60]
 [   8   30    0   54    0 1794   20    0   22   18]
 [  14    8    4    0    4   34 1866    0   50    2]
 [   0   24   18   86    6   22    0 1864   12    8]
 [ 146   10   20   16   18   26   36    0 1662   46]
 [   0   42    2  104   10   12    0   28  264 1540]]
examples:11
Classifier: NAIVE BAYES
accuracy:0.8838
f1s:0.8846474954468379
[[1744    0    2    0    6    2  154    0  126    4]
 [   0 1902   28    6    8   40   10   20   24    0]
 [   2   64 1742  102    4    6    2   16   26   30]
 [  18   20   54 1852    0   10    0   20   12   18]
 [   4   20    0   10 1670    2   66   10  122   72]
 [   8   26    0   62    0 1792   20    0   22   16]
 [  14   12    4    0    4   40 1858    0   48    2]
 [   0   22   14  108    6   24    0 1844   14    8]
 [ 124   10   16   18   20   22   32    0 1690   48]
 [   0   40    2   96    8   14    0   18  242 1582]]
examples:12
Classifier: NAIVE BAYES
accuracy:0.8878
f1s:0.888646012360364
[[1724    0    2    0    4    2  158    0  146    2]
 [   0 1894   28   14    8   38    8   20   28    0]
 [   2   70 1712  116    2    8    2   26   28   28]
 [  18   22   36 1872    0    6    0   22   10   18]
 [   2   18    0    2 1684    2   58   10  144   56]
 [   6   26    0   30    0 1830   20    0   22   12]
 [  12    8    4    0    4   42 1860    0   50    2]
 [   0   22   14   52    6   10    0 1916   12    8]
 [ 122   10   14   12   20   24   32    0 1698   48]
 [   0   38    2   40    8   22    0   50  276 1566]]
examples:13
Classifier: NAIVE BAYES
accuracy:0.8857
f1s:0.8866826098337468
[[1718    0    2    0    8    2  130    0  176    2]
 [   0 1910   20   14    8   32    8   18   28    0]
 [   2   96 1684  120    4    2    2   24   38   22]
 [  12   26   36 1868    0    4    0   30   12   16]
 [   2   18    0    4 1670    2   50   12  156   62]
 [   6   26    0   24    0 1838   20    0   22   10]
 [   8   16    4    2    8   38 1864    0   40    2]
 [   0   20   12   54    6   10    0 1918   12    8]
 [ 118   10   14   12   20   22   28    0 1710   46]
 [   0   32    2   44   10   30    0   48  302 1534]]
examples:14
Classifier: NAIVE BAYES
accuracy:0.8835
f1s:0.8842554266036236
[[1694    0    2    0    8    2  150    0  180    2]
 [   0 1914   16   12    8   32    8   22   26    0]
 [   2   96 1658  128   12    4    0   18   46   30]
 [  10   20   34 1872    0    6    0   30   14   18]
 [   2   18    0    4 1632   12   52    2  166   88]
 [   6   20    0   10    0 1862   22    0   18    8]
 [   8   10    2    0    4   52 1872    0   34    0]
 [   0   12   12   58    6   10    0 1922   12    8]
 [ 104   10   14   12   20   34   28    2 1710   46]
 [   0   32    2   46   10   44    0   46  288 1534]]
examples:15
Classifier: NAIVE BAYES
accuracy:0.8839
f1s:0.8848010259750557
[[1706    0    0    2    8    2  140    0  178    2]
 [   0 1912   16   16    8   28    8   22   28    0]
 [   2   92 1658  130   12    8    0   22   44   26]
 [  10   20   32 1878    0    6    0   26   14   18]
 [   2   18    0    4 1630   10   48    2  176   86]
 [   6   22    0   12    0 1856   26    0   16    8]
 [   8   10    2    0    6   48 1872    0   36    0]
 [   0   10    4   62    6   14    0 1926   12    6]
 [ 104   10   14   12   18   32   28    0 1716   46]
 [   0   32    2   50    6   42    0   42  304 1524]]
examples:16
Classifier: NAIVE BAYES
accuracy:0.885
f1s:0.8860088761606519
[[1692    0    0    2   10    2  138    0  192    2]
 [   0 1908   18   18    8   28    6   20   32    0]
 [   2   90 1678  134    8    6    0   14   42   20]
 [  12   22   28 1884    0    8    0   24   12   14]
 [   6   18    0    4 1670   10   34    2  176   56]
 [   6   20    0   12    0 1864   22    0   18    4]
 [   8   10    2    0    6   48 1872    0   36    0]
 [   0   14    4   52    6   10    0 1936   12    6]
 [ 100   10   12   12   22   34   28    2 1722   38]
 [   0   32    2   46   10   44    0   54  340 1474]]
examples:17
Classifier: NAIVE BAYES
accuracy:0.8866
f1s:0.8875498644822958
[[1704    0    2    0    6    2  134    0  188    2]
 [   0 1906   22   10    8   34    8   18   32    0]
 [   2   94 1690  112    8    6    0   16   38   28]
 [  10   34   32 1856    0    8    0   36   14   14]
 [   6   18    0    4 1666   10   34    2  166   70]
 [   4   26    0    8    0 1862   26    0   16    4]
 [   8   10    4    0    6   46 1872    0   36    0]
 [   0   24    6   36    4   10    0 1940   14    6]
 [ 104   10   12   12   22   28   28    2 1720   42]
 [   0   38    2   40   12   42    0   46  306 1516]]
examples:18
Classifier: NAIVE BAYES
accuracy:0.8763
f1s:0.8777059278871744
[[1452    0    4    0    8    2  144    0  426    2]
 [   0 1912   20   14   10   28    4   20   30    0]
 [   4   82 1740   78    4    8    0   18   38   22]
 [   8   34   30 1854    0    8    0   40   16   14]
 [   2   18    0    2 1618   10   36    4  200   86]
 [   4   40    0   10    0 1850   20    0   18    4]
 [  10   14    4    0    6   52 1854    0   42    0]
 [   0   24   12   32    4   12    0 1938   12    6]
 [  42   10   14   12   20   34   20    2 1786   40]
 [   0   38    4   48   10   42    0   76  262 1522]]
examples:19
Classifier: NAIVE BAYES
accuracy:0.8772
f1s:0.8785497962464075
[[1450    0    4    0    6    2  142    0  432    2]
 [   0 1908   18   22   10   24    4   20   32    0]
 [   4   80 1746   70    6    8    0   18   38   24]
 [   8   36   30 1850    0    8    0   42   16   14]
 [   2   18    0    2 1616   12   36    4  198   88]
 [   4   34    0   10    0 1856   20    0   18    4]
 [  10   14    4    0    6   52 1856    0   40    0]
 [   0   22   10   28    4   12    0 1944   14    6]
 [  42    8   14   12   20   34   20    2 1786   42]
 [   0   36    4   46    8   42    0   88  246 1532]]
examples:20
Classifier: NAIVE BAYES
accuracy:0.882
f1s:0.8826254779987456
[[1516    0    4    0    6    2  164    0  344    2]
 [   0 1910   20   20   12   28    2   24   22    0]
 [   4   78 1732   82   12    4    0   20   38   24]
 [   8   34   30 1850    0    8    0   44   20   10]
 [   2   18    0    2 1652   26   40    6  140   90]
 [   4   30    0   12    0 1856   18    0   20    6]
 [   8   12    2    0    4   56 1858    0   42    0]
 [   0   12   10   30    4   12    0 1954   12    6]
 [  76   10   16   12   20   34   22    4 1738   48]
 [   0   32    4   46    8   42    0  104  192 1574]]
